#  GBr_GRr           G
     2.72425       9.9077 
    0.671976      3.70927 
     3.06375      11.6537 
    0.780435      4.33818 
     2.05028      8.41423 
     3.25139      12.3106 
     2.68775      10.3218 
      3.6732      13.2465 
     3.78173      13.3452 
    0.829506      4.63261 
   -0.375471      10.6781 
     0.75653      4.26103 
   -0.285754      11.0843 
     2.67802      9.82232 
     3.15993      16.6776 
     2.15062      8.65514 
     2.21979      8.86454 
      2.8034      10.4059 
     2.85343      11.7844 
     2.12696      7.33002 
    0.654491      2.96545 
     2.07179      8.43916 
     2.81027      10.4329 
     1.06403      5.72045 
     1.47809      6.10165 
     3.19358       11.137 
     2.76269      10.4195 
     2.93367      11.2279 
     1.60521      6.70357 
     0.35146      2.02619 
     3.13542      10.8666 
   -0.439093      10.3991 
     1.08946      5.76502 
     2.27839      8.95313 
     2.73328      10.1771 
     2.39461      8.45936 
     1.90366      7.26651 
   -0.196317      11.6204 
     3.69998      13.3678 
     3.35978      12.4648 
     1.29129      6.46007 
     2.79414      10.7237 
    0.359938      1.97611 
    0.999823      5.42056 
     1.15555      14.7818 
    0.275559      1.52244 
     3.17278       11.481 
    0.704448       4.1791 
      1.3896      6.67492 
     3.69762      13.4245 
     3.05927      11.6586 
     1.13839       5.6299 
     1.30807      6.24246 
     3.12025      10.7867 
     2.81881      10.7114 
    0.597102       3.1882 
    0.230237      1.10115 
     3.75484      13.6554 
     3.66316      13.3541 
     2.92291      11.0288 
    0.436251      2.25545 
     1.03545      5.63249 
     3.57652      13.1438 
     2.01406      8.59699 
     2.68885      10.1195 
    0.724791      4.07374 
     3.29869      11.3215 
   -0.315089       10.891 
     1.44497      6.24779 
     2.92016      11.1028 
     2.98348       10.321 
    0.630882      3.57124 
     1.27908       5.7272 
     4.06161      14.2648 
     1.48373       7.0094 
     3.19032      11.7018 
     2.46283      9.54751 
    0.910517      5.07093 
    0.650307      3.42234 
    0.806175      4.50597 
     3.83485      13.3558 
     1.65056      7.37088 
      3.3861        12.57 
     1.27851      6.36964 
     1.67074      7.46272 
     3.06811       11.435 
     2.84589      11.3791 
     2.21003      8.83341 
     2.68643      8.52283 
    0.829148      4.36496 
     3.58527      13.0174 
     2.29557      11.1909 
    0.386074      2.11864 
     3.07033      10.7594 
     3.26044      13.8646 
    0.599757      3.30289 
     1.23609      6.28136 
    0.224162      1.40665 
     3.05034      11.6151 
     2.50992      9.61009 
     2.69846      9.37145 
     1.85162      7.90374 
     3.20505      11.4585 
     1.48047      6.95189 
     1.49014       6.9463 
      3.0259      11.3205 
      2.0518      8.33329 
     2.78894      10.4939 
     2.49945      9.74603 
     3.98901      13.9935 
    0.523992      2.53619 
     3.05444      11.7971 
    0.514552      2.70262 
      0.9786       5.3843 
     4.03728      14.0294 
     1.49817      6.99438 
     3.25011      11.2652 
     2.99493      11.0187 
     1.22212    0.0655585 
     3.07296      11.3609 
     1.15372      6.01535 
     1.57525      7.14098 
     1.49514      6.93017 
    0.537466      2.84949 
       3.061      11.5501 
     2.81425      11.3059 
    0.742163      4.10533 
     3.16747      12.7229 
     3.39283      12.6749 
     2.46188      8.88023 
     2.99058      11.0272 
     2.82683      10.4166 
    0.504002      2.75709 
     1.42091      6.77304 
      3.1353      11.2578 
    0.929587      5.46583 
     2.70671       9.3602 
     2.39848       9.0982 
      3.1472      11.9715 
     3.15529       12.026 
     2.62535      9.88931 
     1.68132      7.50633 
-0.000104904      12.4156 
  -0.0242348      11.8385 
     2.41795      9.39478 
     2.75842      9.83573 
     3.02712      11.4055 
     2.94261      10.6975 
    0.600962      2.65203 
     2.93659      10.1169 
     1.33996      6.42406 
    0.456508      2.46648 
     1.09895      5.74643 
      2.0931       8.5795 
      3.6601      13.3761 
     3.82622      15.6137 
     3.10879      11.8302 
     1.57829      7.18652 
      2.6811      9.37674 
    0.419451       2.3304 
     2.08505        8.392 
     1.88284      7.95291 
    0.553336       3.0458 
    0.388108      2.20979 
     2.96793      11.2351 
     3.04172      16.5619 
      2.8826      10.8537 
     3.61757      12.8834 
      3.7579       15.113 
     3.24227      12.1885 
    0.831171      4.67289 
    0.815454      4.52232 
     4.15851      14.7199 
     1.69897      7.53238 
     3.11551      11.9411 
     2.95006      11.1637 
     2.34012      9.09136 
    0.580946      3.18554 
     1.68812      7.16161 
     2.87132       10.378 
     2.75584      10.0923 
      2.6611       9.8028 
     3.17246      11.9703 
     1.22148       6.2617 
    0.762148      4.31006 
     3.60618      12.9966 
     3.38171      14.4086 
     1.50597      6.98193 
     3.48729      12.6883 
     2.31305      9.05476 
     2.99701      11.1153 
     1.37224      5.30629 
     2.89237      10.5484 
     2.95235      10.7372 
     2.38924      9.56984 
     3.22514      12.4634 
     1.82127      7.71389 
    0.969045      4.75301 
   -0.158144      11.8797 
     2.74088      10.6083 
     3.55763      13.4025 
     2.62677      10.4445 
     2.83256      10.4557 
     2.99004       10.181 
    0.680235      3.81149 
    0.367818      2.14898 
     0.91879      5.13449 
    0.350765       1.9235 
     2.81327      10.9297 
    0.693137      3.80335 
     3.07351      11.6933 
     2.23018      16.3084 
     2.26131        8.573 
     3.04273      11.9392 
     2.35137      9.47674 
     3.18825      12.7343 
      1.9945      8.27596 
    0.795388      3.98054 
     3.44301      16.2639 
     2.95585      11.1334 
     3.16917      11.9108 
     3.14052      11.1588 
     1.03326      4.80376 
     1.84231      7.94213 
     3.47843      12.1469 
      2.0886      8.13972 
    0.339969      1.32486 
     1.58384      7.19882 
    0.199187     0.776899 
     2.85342       10.677 
     2.98678      9.96891 
     3.22836       12.189 
     2.72973      10.2192 
     2.87539      10.7343 
     3.54013      12.9812 
     1.76328      7.90321 
    0.565641      3.12215 
   -0.127484      11.9473 
     2.97179      10.7511 
     3.69929      13.1354 
    0.678718      3.81362 
     1.88093      7.93137 
    0.898664      4.17748 
      3.0032      11.4319 
     1.40535      6.32261 
     1.05474      5.72843 
     3.42435      12.1472 
     3.10896      10.8893 
     2.99416      10.5587 
    0.885649      4.91432 
     4.04055      13.9337 
     3.61424       12.998 
     2.92771       10.714 
     2.98539       10.269 
     3.11399      10.7769 
      1.0142       5.5372 
    0.737481      4.15354 
     2.25562      8.98809 
    0.850643      4.02605 
    0.592185      3.26073 
     3.08182      11.3047 
     2.73165      9.50059 
     3.09902      11.6107 
     2.23453      8.90016 
     3.13364       11.081 
     3.24729      12.0816 
     4.03745      14.2547 
     2.75092      10.3483 
    0.653234      2.70472 
     2.19651      8.76558 
      1.1451     0.149948 
    0.369554       1.1088 
     3.71645      13.2298 
    0.699845      3.88009 
     1.66418      6.47684 
     1.98356      8.02048 
     2.64585      9.74761 
     1.38415      6.61248 
     1.02929      5.55823 
    0.588535      3.11241 
    0.232409      1.42504 
     0.70532       3.0186 
     2.80842      10.6947 
     1.90496       7.9816 
    0.721943      4.09109 
    0.446993   -0.0963698 
     1.67475      7.37257 
     2.59587      9.80509 
     3.82646      12.8694 
      2.9549      11.1178 
      2.8856      10.8609 
     2.92183      11.1254 
     3.41553       14.879 
     4.06318      13.8912 
    0.307774      1.82854 
     1.76063        16.78 
    0.656009      3.63903 
     1.21746      6.68096 
     2.71271       10.306 
      3.7204      13.3822 
     2.56255        16.33 
     3.21052      12.1128 
     2.36531      9.39277 
     1.23152    -0.299315 
      3.0335      10.4109 
     2.76419      10.5122 
    0.720828      3.98687 
     1.12408      5.80846 
     4.19984      13.6764 
    0.908069      5.00564 
     1.18602      5.55025 
     1.88239      7.92836 
     1.16041    -0.180181 
     2.79521      10.4158 
     1.60527      7.25444 
    0.672104      2.82283 
     2.23456        7.997 
       1.585      10.1982 
      1.2577      6.30044 
    0.610522      3.42232 
     2.84233      10.6183 
    0.991499       5.4301 
   0.0679536     0.996555 
    0.773761        4.344 
     2.50938      9.41674 
     2.32463      9.19543 
     2.37295      9.29981 
     1.45645      6.87532 
     2.66229      14.9778 
     2.47802      8.98114 
     2.95606       10.899 
     2.71523      10.0142 
     2.27846      10.0588 
     2.95975      10.8076 
     0.90671      5.05591 
     1.22011     0.420204 
     3.18821      11.9128 
    0.710111      2.94369 
     3.10701      11.4155 
     1.32421      6.52138 
     2.82715      10.5935 
     3.29151       13.339 
     2.95557      10.4861 
      1.6285      7.03693 
     2.93236      12.2494 
     3.68315      13.1598 
     4.10846      14.4746 
     3.39591      12.2747 
     3.34918      12.2336 
     1.98411      8.23726 
    0.748342      3.64351 
     3.23135      11.6973 
     1.88547      7.18306 
     1.39469      6.71039 
      3.0552      11.2755 
     1.21932      6.20403 
    0.583473      3.23109 
     2.88367      10.2011 
     3.43021      12.8035 
    0.874146      4.23141 
     4.21473      14.5127 
     3.91708      13.8053 
     4.10696      14.4209 
     3.88722      13.7027 
     2.99423      11.1226 
     1.83885      7.65284 
    0.172184     0.965342 
     2.75335      10.3309 
     2.66288      10.3221 
     3.07435      11.2855 
     4.23331      15.1869 
     2.41714      9.13242 
     3.98475      13.9985 
     2.54761      8.70996 
     3.81707       13.754 
     2.69175      10.2397 
     1.09243        5.817 
     1.09346       5.2168 
     3.52041      12.7436 
     3.28453      12.1689 
    0.912324      5.11264 
     2.02507      8.13256 
     3.24084      16.4098 
    0.467725      2.56044 
      2.5628      9.82253 
     1.96496      8.20042 
     3.49279      13.7516 
     1.91956      7.96712 
     2.70532      10.1687 
    0.412354       2.2179 
     2.70885      9.99875 
     1.22522      4.47624 
     2.68786      9.72633 
     1.05804      4.88486 
    0.321689       2.0607 
     1.57918      7.19709 
    0.793149      4.44533 
     4.16318      14.0669 
     3.04642      11.1504 
     2.68805      10.4314 
     1.19664      5.86985 
     1.55236      7.17496 
     3.31472      12.3948 
    0.390949       1.7281 
      2.5466      9.46554 
     2.96843      10.5379 
    0.445381      2.48283 
     2.71489      10.2335 
     3.58598      13.0481 
     2.31932      9.17044 
    0.894501      4.92869 
     2.19889      8.78763 
     1.00399       5.4492 
    0.301494      1.55165 
     3.08797      10.9414 
      1.0237      5.53909 
    0.743166      4.92365 
     1.71586      7.52626 
    0.793955      3.88534 
     2.60543      9.05495 
     1.90781       8.0698 
    0.872209      4.83382 
     3.03023      11.4149 
     2.71505       10.176 
     2.88823      10.9388 
     3.07933      11.7672 
     2.51108       9.7646 
     3.14983      11.7274 
     0.81454      3.72044 
