#  GBr_GRr          G           Gapp
     1.51586      7.14095      12.8025 
     3.11929       11.346      17.0075 
     3.15009      11.3378      16.9994 
     2.93861      10.9006      16.5622 
     1.77433      7.91018      13.5718 
        3.04      10.3609      16.0225 
     2.98246       10.282      15.9436 
     1.05619      4.96571      10.6273 
     2.47625      9.41476      15.0763 
      3.6458      12.4319      18.0935 
     1.25277      6.30654      11.9681 
     2.11871      8.59743       14.259 
     2.78442       9.6322      15.2938 
     1.02932      5.35005      11.0116 
    0.889751      4.88285      10.5444 
     3.13349      11.2021      16.8636 
     2.45762      9.40399      15.0656 
     2.88631      9.85126      15.5129 
     2.68659      9.28608      14.9477 
    0.285973      2.34195      8.00354 
      2.2257      8.80883      14.4704 
     3.10987      11.9976      17.6592 
     1.40505      11.5653      17.2269 
     0.87785      4.80575      10.4673 
    0.848815      4.74252      10.4041 
     2.32297      10.3319      15.9935 
     1.93152      8.26372      13.9253 
    0.714348      4.05096      9.71255 
     2.75166      14.6778      20.3394 
     3.03837      11.9131      17.5747 
     3.05487      12.6161      18.2777 
     2.82106      9.50752      15.1691 
     2.32176      9.06542       14.727 
      1.3712      6.56232      12.2239 
     1.12165      5.77691      11.4385 
     3.17326      10.9628      16.6244 
     1.81275      8.10873      13.7703 
     1.87497       8.1614       13.823 
  -0.0930934   -0.0384621      5.62313 
     1.56481      7.32796      12.9896 
     2.23043      8.81453      14.4761 
    0.691248      3.90096      9.56255 
    0.628681      3.23162      8.89321 
     2.72764       10.019      15.6806 
     1.47886      7.12855      12.7901 
     3.17768       11.779      17.4406 
      1.0981      5.76896      11.4306 
     3.39396      12.0981      17.7597 
     2.34759      9.18351      14.8451 
     3.50973      11.8224      17.4839 
     1.28775      5.86047      11.5221 
     2.89207      10.4067      16.0683 
     1.19201      6.19645       11.858 
      3.0966      11.5142      17.1758 
     3.12921      11.5725      17.2341 
     1.99541      8.44439       14.106 
      2.9068      10.5696      16.2312 
     1.27903      6.53057      12.1922 
     2.89611      10.6366      16.2982 
     1.73084      7.67172      13.3333 
     2.16907      8.74012      14.4017 
     1.11497      5.77782      11.4394 
      3.4934      12.0949      17.7564 
     2.66757      9.98302      15.6446 
     1.07578      5.49468      11.1563 
     2.76669      10.1997      15.8613 
     2.91976      10.6218      16.2834 
     2.71875      9.93309      15.5947 
     2.91367      10.8564       16.518 
     2.45144      9.38045       15.042 
     3.43519      12.5465       18.208 
      3.1652      10.9443      16.6059 
     3.07026      10.3409      16.0024 
     3.02778      10.8309      16.4925 
     2.63207      9.92022      15.5818 
     3.69556      12.3949      18.0565 
     3.14386      11.5679      17.2295 
     3.32969      11.0183      16.6799 
    0.353727      2.59608      8.25767 
     3.43059      11.6829      17.3445 
     1.38163       6.7535      12.4151 
     2.82477      10.1491      15.8107 
     2.63391      9.89228      15.5539 
     2.50966      9.26134      14.9229 
     3.01073      10.8276      16.4892 
     3.26782      12.2148      17.8764 
     1.96854      8.33912      14.0007 
     2.13645      8.69445       14.356 
     1.48182      6.97121      12.6328 
     1.16425       6.0773      11.7389 
     3.10671       11.187      16.8486 
     2.71546      10.1614       15.823 
     2.86625      10.4578      16.1194 
     3.06205      10.8967      16.5583 
     3.50303      13.4113      19.0729 
     3.02031      10.8304      16.4919 
     2.72737      10.1868      15.8484 
     2.99596      11.0992      16.7608 
     2.91635      9.99894      15.6605 
     3.23847      11.7609      17.4224 
     2.76948      10.1598      15.8214 
     3.19342      11.7002      17.3618 
     3.05224      10.9726      16.6342 
     2.55777      8.91954      14.5811 
     2.49031      9.36618      15.0278 
     2.28889      8.87324      14.5348 
    0.763119      4.02951       9.6911 
     2.59164      9.70644       15.368 
     2.71471      10.0464       15.708 
     1.37956      6.80013      12.4617 
     3.32748      12.9483      18.6099 
     2.45375      9.43267      15.0943 
     2.98709      10.8994       16.561 
     1.44839      6.85422      12.5158 
     2.91735      10.9075      16.5691 
     3.08976      11.0879      16.7495 
     1.32748      6.66877      12.3304 
      2.2149      8.84706      14.5087 
     3.01168      10.8729      16.5345 
     2.55461      9.67278      15.3344 
     2.68454      10.0758      15.7374 
      1.7744      7.76973      13.4313 
     3.24009      13.7674       19.429 
     2.81417      10.4701      16.1317 
      3.1164      11.2007      16.8623 
     3.05412      11.2742      16.9358 
     3.47493      12.6794       18.341 
    0.664781      3.63816      9.29975 
     3.20033      10.9228      16.5844 
     2.98586       10.198      15.8596 
     3.10319      11.4108      17.0724 
     0.25673      2.12564      7.78723 
    0.918365      4.92071      10.5823 
     3.05674      11.7051      17.3667 
     2.92596      10.9721      16.6337 
     3.59703      12.9332      18.5948 
      3.1054      11.3505      17.0121 
     3.07186      11.3019      16.9635 
    0.670966      3.69275      9.35434 
     1.00587      5.22229      10.8839 
     1.98079       8.3588      14.0204 
      3.0769      11.1853      16.8468 
     3.15232      11.5162      17.1777 
     3.11316      11.7118      17.3734 
     2.84873       10.524      16.1856 
     3.36315      12.4986      18.1602 
      2.9776      10.8146      16.4762 
    0.587208      3.21318      8.87477 
     3.19006        11.66      17.3216 
     2.95382      10.6601      16.3217 
     3.82916      13.1666      18.8281 
     1.51965      7.23361      12.8952 
     2.68395       9.9046      15.5662 
     2.45378      13.2528      18.9144 
    0.834806      4.32007      9.98166 
     2.77597      10.4539      16.1155 
     3.09723      11.0632      16.7248 
     2.52011       10.085      15.7465 
     2.35779       12.442      18.1035 
    0.908657      4.37644       10.038 
    0.956996      5.26755      10.9291 
     3.38678      12.0507      17.7123 
     3.08437      10.9414       16.603 
     3.28702       11.362      17.0236 
     2.54862      11.3533      17.0149 
     3.09003      11.2181      16.8797 
      2.4679      12.4302      18.0918 
      3.1221      11.8885      17.5501 
     1.82672      8.07073      13.7323 
     1.56206      7.20443       12.866 
     3.49853      11.9761      17.6377 
      1.6295      6.22779      11.8894 
     3.42651      12.1238      17.7854 
     1.37781      6.76402      12.4256 
     3.52137      12.9346      18.5962 
     2.50176      9.42633      15.0879 
     3.11862      11.2011      16.8627 
     2.31906       12.682      18.3436 
     2.22322       8.8658      14.5274 
     2.57393      9.10144       14.763 
     2.29305      12.5275      18.1891 
      3.1085      11.1045      16.7661 
    0.596111      3.36574      9.02733 
     1.21878      14.4855      20.1471 
     3.07973      11.7749      17.4365 
     1.65436       7.5781      13.2397 
     3.18456      12.8361      18.4977 
     3.08702      11.0575      16.7191 
     2.90532      11.6629      17.3245 
     3.07125      12.6477      18.3093 
     2.00922      8.37622      14.0378 
   0.0444112      1.32017      6.98176 
     1.27622      6.55198      12.2136 
     3.43109      12.2776      17.9392 
     3.72099      13.1209      18.7825 
     2.73279      10.0891      15.7507 
     0.71356      4.09109      9.75268 
     1.82407      7.99359      13.6552 
      1.0635      5.80824      11.4698 
     3.16237        11.75      17.4116 
    0.425683      2.54687      8.20846 
     1.12992        6.028      11.6896 
     1.90393      8.24031      13.9019 
     3.31052      12.0598      17.7214 
     3.30219      12.1295      17.7911 
     2.10596      8.57639       14.238 
     3.12309      11.6786      17.3402 
     2.64143      11.5003      17.1619 
     2.86507      10.4401      16.1017 
    0.642227      3.38805      9.04964 
     1.84678      8.08131      13.7429 
     1.77964      7.91399      13.5756 
     1.37697       6.7955      12.4571 
    0.901253      4.99759      10.6592 
     2.79199      10.4621      16.1236 
     2.90597      14.1071      19.7687 
     1.04861      4.92555      10.5871 
     3.53591       12.268      17.9296 
     2.89669      10.6001      16.2617 
     1.83988      8.05566      13.7172 
     3.57879      11.9949      17.6565 
    0.273994      2.15652      7.81811 
     3.33258      12.5606      18.2222 
     3.19037      11.6593      17.3208 
     1.66726      7.68684      13.3484 
     3.28489      11.8278      17.4894 
     2.98986      11.6674       17.329 
     1.13521      4.69946       10.361 
     2.39464      8.52939       14.191 
     3.06262      11.0206      16.6822 
     2.51104      12.3941      18.0557 
     3.15751      12.2343      17.8959 
     2.72743      10.1638      15.8253 
     3.13449      10.5254       16.187 
     2.67337      9.97713      15.6387 
     3.29514      11.5993      17.2609 
     3.17407      11.8287      17.4903 
       2.914      10.7118      16.3734 
      3.2259      12.6717      18.3333 
     3.04869      10.6958      16.3574 
     2.76866      11.0158      16.6774 
     2.89432      10.7802      16.4418 
      1.7276      7.72553      13.3871 
     2.91578      10.6876      16.3492 
    0.220508      2.07051       7.7321 
     2.59895      9.74783      15.4094 
     3.01659       11.464      17.1256 
     2.89099       11.754      17.4156 
     1.21284      14.0519      19.7135 
     2.46945      8.62517      14.2868 
   0.0498743      1.61157      7.27316 
     3.35726      12.4868      18.1484 
     3.08015      13.9635      19.6251 
     3.14919      10.8594       16.521 
     2.32468      13.0647      18.7263 
     3.41471      13.0068      18.6684 
     2.78821      10.7809      16.4424 
     2.81149      10.4206      16.0822 
    0.839788      4.68182      10.3434 
      1.1916      6.16231      11.8239 
     3.17828      12.1643      17.8259 
      2.7971      11.0595      16.7211 
    0.822651      4.72168      10.3833 
     3.10352       11.619      17.2806 
     3.03551      10.2942      15.9558 
     2.17656      8.76691      14.4285 
     3.23111       13.521      19.1826 
     3.02067      11.4163      17.0779 
     3.40082      13.8534       19.515 
    0.606137      3.40052      9.06211 
     2.04033      8.44049      14.1021 
     3.21069      11.7383      17.3999 
     3.00996      11.6005      17.2621 
     2.48732      9.40021      15.0618 
     1.85843      7.78986      13.4514 
      1.5945      6.93336      12.5949 
     1.02239      5.60734      11.2689 
     3.15488       12.191      17.8525 
     3.17946      11.4339      17.0955 
     2.89892       10.656      16.3176 
     3.20947      13.2634       18.925 
     1.91476      13.0175      18.6791 
     3.23727      11.4735      17.1351 
    0.958409      5.28138       10.943 
     3.38012      13.7395      19.4011 
     1.33269      6.58551      12.2471 
     3.26223      11.1966      16.8582 
     3.28114      11.3082      16.9698 
     3.52568      12.5096      18.1712 
    0.391764      2.66264      8.32423 
     2.87082      10.2924       15.954 
    0.796441      4.54956      10.2111 
     2.52042      13.7657      19.4273 
     1.72488      7.77015      13.4317 
     3.14201      10.7555      16.4171 
      2.8432      10.4781      16.1397 
    0.876738      4.91482      10.5764 
     2.75403      11.7957      17.4573 
     2.84252      10.2528      15.9143 
     2.51288      9.50427      15.1659 
     1.23294      6.33971      12.0013 
     2.43456      9.40298      15.0646 
     3.17611      11.4694       17.131 
    0.745856      4.32453      9.98612 
     2.83799      13.9785      19.6401 
     2.90917      10.6386      16.3001 
     3.11484      14.1906      19.8522 
     2.63959       9.1163      14.7779 
    0.897059      4.98357      10.6452 
    0.648981      3.62644      9.28803 
     1.95931      8.30733      13.9689 
     2.25703       8.9695      14.6311 
     3.12132        10.75      16.4116 
     2.37729      9.43208      15.0937 
     1.89913      8.21553      13.8771 
     3.17438      11.9003      17.5619 
     2.84303      10.5006      16.1622 
     3.23116      12.2748      17.9363 
     1.59648      7.46986      13.1315 
    0.838429      4.07263      9.73422 
     2.51304       11.813      17.4746 
     3.15508      11.4269      17.0885 
     1.21581       6.3033      11.9649 
     1.68231       7.4772      13.1388 
     2.54051      9.14913      14.8107 
    0.975648      5.30531      10.9669 
     2.66903      12.7362      18.3978 
     2.52399      9.62877      15.2904 
    0.420668      2.66129      8.32288 
     2.41466      8.73956      14.4012 
     2.88511      12.9187      18.5803 
     3.67044      12.8561      18.5177 
     2.71752       11.266      16.9275 
     1.80481       7.9444       13.606 
     3.24029       13.896      19.5576 
     2.87283      10.8253      16.4869 
     2.98233       10.916      16.5776 
    0.785845      4.47287      10.1345 
     3.22753       12.343      18.0046 
   0.0343723       1.2193      6.88089 
     2.72848      10.6718      16.3334 
     3.10232      11.6596      17.3212 
     2.34286      9.15702      14.8186 
     1.83227      8.05455      13.7161 
     2.50542      12.4794       18.141 
     1.04914      5.53133      11.1929 
     3.03874      11.2361      16.8977 
     2.96237      11.1026      16.7641 
     3.02095       13.074      18.7356 
      1.6122      7.49238       13.154 
     2.35555      9.75496      15.4166 
      2.2056      8.84663      14.5082 
     1.89976      8.19625      13.8578 
     1.85019      7.89158      13.5532 
     3.07826      11.1102      16.7718 
     2.64103      11.6705      17.3321 
     3.39469      13.8974       19.559 
    0.554826      3.21563      8.87722 
     1.39699      6.74441       12.406 
     2.53301      9.14502      14.8066 
     3.52053      13.6485      19.3101 
     2.83073      10.3652      16.0267 
     2.79113       10.363      16.0246 
     2.72095      12.2956      17.9572 
      1.8475      7.82488      13.4865 
      3.3605      12.1921      17.8537 
     2.99782      10.5056      16.1672 
     3.18918      11.7152      17.3768 
     3.43106      12.5294       18.191 
     3.06763      11.4311      17.0927 
     3.05308      11.5231      17.1847 
     2.54379      9.74793      15.4095 
     1.72603       7.8412      13.5028 
     3.05784       11.164      16.8256 
     2.68901      9.83846      15.5001 
    0.281302      2.42027      8.08185 
     1.55967      7.36456      13.0262 
      2.3638      10.0543      15.7159 
     0.63038      3.53025      9.19184 
      1.7004      12.5409      18.2025 
     2.79722      10.2942      15.9558 
     2.51446      13.8578      19.5194 
    0.896147      13.5907      19.2522 
     2.54601      11.4069      17.0685 
      3.1641       12.016      17.6776 
     0.71807      4.14495      9.80654 
     2.87268      12.8557      18.5173 
     2.81709      10.5392      16.2008 
    0.996192      5.16182      10.8234 
      3.1653      11.4818      17.1434 
     1.55218      6.42571      12.0873 
     2.60382      10.7662      16.4278 
     2.83113      10.4392      16.1008 
     2.85706      11.6652      17.3268 
     2.99149      11.3711      17.0327 
  -0.0773258    -0.248377      5.41321 
     1.32321      6.54638       12.208 
     1.87905      12.6533      18.3149 
     1.71652      6.47441       12.136 
    0.141027      1.67749      7.33908 
    0.544425      3.21897      8.88056 
     2.22493      8.96656      14.6281 
     2.30042      11.1419      16.8035 
       2.645      10.5743      16.2358 
     2.97944       12.225      17.8865 
     2.45306      11.1602      16.8218 
     2.94058      10.2825      15.9441 
     2.59286      9.75893      15.4205 
     2.91745      10.8899      16.5515 
      1.8217      13.2059      18.8675 
     1.01273       5.4437      11.1053 
     2.79959      11.5713      17.2329 
     2.96855      11.8177      17.4793 
  -0.0374112    -0.234938      5.42665 
     2.43833      9.54645       15.208 
     1.75829      12.0629      17.7245 
     1.02009      5.52862      11.1902 
      2.7628      10.8274       16.489 
     1.60622      7.36701      13.0286 
     2.83785      13.2486      18.9102 
    0.930174      4.73894      10.4005 
      2.8628        11.55      17.2116 
     3.10774       12.134      17.7956 
     2.22136      8.67842        14.34 
     2.66455      12.4736      18.1352 
     2.82634       10.949      16.6106 
     2.50948      8.78818      14.4498 
     1.28035      5.21037       10.872 
     2.96149      12.1463      17.8079 
     1.82657      8.03238       13.694 
     1.02284      5.50316      11.1648 
    0.742942        3.872      9.53359 
     2.69822      10.4943      16.1559 
     1.75056       7.5086      13.1702 
     2.68236      11.0583      16.7199 
    0.838449      4.61217      10.2738 
     2.09729      8.52411      14.1857 
     2.90739      10.6536      16.3152 
     3.08825      11.9238      17.5854 
     2.03919      12.5991      18.2607 
     2.70125      10.0204       15.682 
     2.37216      9.37081      15.0324 
     2.67147      10.0822      15.7438 
     1.02693      9.61862      15.2802 
     1.07037      5.54756      11.2092 
     2.50525      9.54234      15.2039 
     3.07556        11.75      17.4116 
     2.91189      10.7045      16.3661 
     3.06692      10.8523      16.5139 
     1.34068      13.2135      18.8751 
     2.49494      9.17402      14.8356 
     3.06689      11.7514       17.413 
     2.95905      10.7387      16.4003 
     2.72501       11.509      17.1706 
     3.07725      13.6661      19.3277 
     3.18841      11.8193      17.4809 
     2.72172      9.32716      14.9887 
     2.47654      9.86962      15.5312 
     1.01633      5.42755      11.0891 
      2.2008      11.7029      17.3645 
     3.10395      12.3035       17.965 
    0.505492      2.87861       8.5402 
      1.2758      8.49767      14.1593 
     2.80919      10.8817      16.5433 
     2.63113      10.0318      15.6934 
     3.08437      11.5394       17.201 
    0.703665      3.92902      9.59061 
     2.95463      10.5842      16.2458 
     2.95133      10.8372      16.4987 
     2.96223      10.8442      16.5058 
     2.69099      9.89375      15.5553 
     2.92924      10.9026      16.5642 
     3.16689      11.5078      17.1694 
     1.70625      6.86579      12.5274 
     3.28356       12.434      18.0956 
      1.8462      7.88348      13.5451 
      1.4733      7.05902      12.7206 
     2.34093      9.09308      14.7547 
     1.27717      6.54263      12.2042 
     2.05664       8.4628      14.1244 
     2.62108      9.77676      15.4383 
        2.49      14.7628      20.4244 
     1.31801      6.61056      12.2721 
     3.53273      12.4805      18.1421 
      3.3338      12.3779      18.0395 
     2.05156      8.53318      14.1948 
     3.27332      11.9659      17.6275 
     2.62321       9.8263      15.4879 
     1.85253      7.90426      13.5659 
      3.4681      12.6934       18.355 
     3.03512      10.9543      16.6159 
     3.41118      12.6636      18.3252 
     1.74193      7.84599      13.5076 
     2.32999      8.42507      14.0867 
     2.58526      9.76043       15.422 
     1.61296      7.45042       13.112 
     2.71503      10.0105      15.6721 
     3.65386      12.3838      18.0454 
     2.84873      10.4302      16.0918 
     2.74799      10.3332      15.9948 
     3.14472      11.6256      17.2872 
     3.02271      10.9295      16.5911 
     2.50755      10.1152      15.7767 
     1.34996       6.6593      12.3209 
     3.26955      12.1427      17.8043 
      3.3302      12.3596      18.0212 
  -0.0441728      0.48376      6.14535 
     3.19026      11.8876      17.5492 
    0.760711      4.25998      9.92157 
     2.03498      8.43435      14.0959 
     3.23803      11.4535      17.1151 
     1.58279      7.37497      13.0366 
     1.75269      7.82349      13.4851 
     2.93368      11.0814       16.743 
     2.95765      11.0194       16.681 
     2.97315      10.9581      16.6197 
       3.106      11.5962      17.2578 
     1.48416       7.1314       12.793 
     2.94871      10.8414       16.503 
     2.97431      10.0128      15.6744 
     2.96799      10.9072      16.5688 
     3.29753      12.0856      17.7472 
     1.24594      6.43437       12.096 
     3.11365      11.1685      16.8301 
     2.78737      10.1526      15.8142 
     3.12838      11.1383      16.7999 
    0.785573      4.49509      10.1567 
     3.07511      11.4292      17.0908 
     3.29015      12.0705      17.7321 
     2.48272      9.52051      15.1821 
     1.03374      5.67952      11.3411 
     3.14199      11.9012      17.5628 
     1.80354      7.77608      13.4377 
     2.88811      10.9965      16.6581 
    0.065362      1.12764      6.78923 
     3.33388      12.4308      18.0924 
     2.85552      10.5159      16.1775 
     2.81919      13.0815      18.7431 
     3.28383      13.1898      18.8514 
     1.36412      6.52315      12.1847 
     2.87946      10.6641      16.3257 
     1.23793      6.35771      12.0193 
     1.19804      6.24613      11.9077 
     2.80162      10.3762      16.0378 
     2.40165       9.4502      15.1118 
     2.20924      8.86229      14.5239 
     1.79229      7.93555      13.5971 
     2.91391      11.1912      16.8528 
     3.10123      12.3655      18.0271 
     3.18047      11.9976      17.6592 
     3.19738      10.9711      16.6326 
     2.42758       9.3765      15.0381 
     3.16485      11.9177      17.5793 
     2.99502      11.9223      17.5839 
    0.541821      3.09889      8.76048 
     1.00937      5.50112      11.1627 
     3.41136      11.8927      17.5543 
    0.934039      5.24868      10.9103 
     2.58054      9.06351      14.7251 
     1.72994      7.79061      13.4522 
     1.28656      6.63312      12.2947 
     2.73501      10.1708      15.8324 
      2.6479      9.98296      15.6446 
     2.33046      9.15854      14.8201 
     3.02269      10.9027      16.5643 
      2.7166      9.32918      14.9908 
     2.86231      13.4282      19.0898 
     3.21875      12.9317      18.5933 
     3.42518      13.1863      18.8479 
     1.68339      6.95863      12.6202 
   0.0236535     0.622245      6.28383 
     3.00513      13.9156      19.5772 
     2.87712      11.4142      17.0758 
     2.45068      11.2306      16.8922 
     2.95226      12.2494       17.911 
     3.05477      12.1389      17.8005 
     2.82233      11.1044       16.766 
      2.7866      14.0921      19.7537 
     2.99413      11.1862      16.8478 
     3.12921      13.6714       19.333 
     2.85797      11.1836      16.8452 
     2.72863      10.0636      15.7252 
    0.647556      3.67373      9.33532 
     2.97146      11.4429      17.1045 
     2.48946      9.34955      15.0111 
     0.65146      3.70673      9.36832 
     1.34974      11.6092      17.2708 
    0.107045      1.13686      6.79845 
     1.71559      7.61911      13.2807 
     2.99779      11.5383      17.1999 
     2.90945      11.5404       17.202 
     3.01339      10.4042      16.0658 
     3.13827      11.7882      17.4498 
      1.0413      5.75671      11.4183 
     2.87565      10.5682      16.2298 
     2.71431      9.34074      15.0023 
     2.20472      8.81414      14.4757 
     3.74551      12.8039      18.4655 
     2.53345      9.79777      15.4594 
     3.13662      11.3811      17.0427 
      1.4439      7.07446      12.7361 
     2.52984      11.1361      16.7977 
     1.89398      8.17723      13.8388 
      3.0276      10.4102      16.0718 
     3.20112      11.5672      17.2288 
     2.59345      9.86362      15.5252 
      2.2833      9.11411      14.7757 
     3.09589      11.5291      17.1907 
     2.76826      10.6005      16.2621 
     3.19932      11.3687      17.0303 
    0.852727      4.73724      10.3988 
     2.79907      12.7861      18.4477 
     1.07989      5.80307      11.4647 
     1.63892      11.1638      16.8254 
     2.70135      12.0587      17.7203 
     2.68168      10.6706      16.3322 
     2.95458      10.7143      16.3759 
     2.95295      11.0209      16.6825 
     2.82865      12.7716      18.4332 
     2.91295      10.4916      16.1532 
     2.91437      10.9769      16.6385 
     2.43091      9.30381      14.9654 
    0.242476      2.27905      7.94064 
     3.49649      13.1343      18.7959 
     2.85491      10.7695      16.4311 
     3.18569      14.3046      19.9662 
      2.5903      9.33457      14.9962 
     3.19279      12.0224       17.684 
     3.15462      11.2921      16.9537 
     2.96057      11.2406      16.9022 
    0.140965      1.84958      7.51117 
     3.13342      12.1623      17.8239 
     2.96816      10.8312      16.4927 
     2.92854      11.0459      16.7075 
     2.97986      12.9654       18.627 
     3.00049      10.9386      16.6002 
    0.358742      2.57008      8.23167 
     1.85645      8.06164      13.7232 
    0.895099      5.08629      10.7479 
     2.72055      10.1007      15.7623 
     2.58441      9.71893      15.3805 
     0.30456      2.42635      8.08794 
    0.978983      5.18072      10.8423 
     2.94868      10.7242      16.3858 
     2.92005      11.1735      16.8351 
     2.99149      11.4184      17.0799 
     1.01395      5.49804      11.1596 
      1.9278      8.33033      13.9919 
     1.49933      6.58227      12.2439 
     0.80504      4.57831      10.2399 
     1.04095      4.75899      10.4206 
     2.93502      11.2242      16.8858 
  -0.0248022     0.927453      6.58904 
     2.87382      10.8133      16.4749 
     2.85678      10.9473      16.6089 
    0.741816      4.23254      9.89413 
     3.15638      11.2966      16.9582 
     3.38789       11.404      17.0656 
      3.0661      11.8702      17.5318 
     2.81697      11.1666      16.8282 
     3.17971      10.6189      16.2804 
   0.0969625      1.86999      7.53158 
     2.83199      10.8816      16.5432 
      2.9033      10.8717      16.5333 
     1.86775      8.09913      13.7607 
     1.34105      6.68182      12.3434 
     2.73033      14.3238      19.9854 
     2.98249      11.0378      16.6994 
     2.49668      9.24882      14.9104 
   -0.430557      10.9523      16.6139 
     3.34162       12.008      17.6696 
     2.15034      8.68264      14.3442 
      2.8421      11.0527      16.7143 
     3.10996      11.8319      17.4935 
     1.70552      7.69558      13.3572 
     1.84986      8.05449      13.7161 
     3.58639      11.8433      17.5048 
     2.90985      12.8926      18.5542 
     2.29924      9.02711      14.6887 
     2.52852       12.858      18.5196 
     2.92425      10.6198      16.2814 
     3.29641      12.9337      18.5952 
     2.70208      10.1274       15.789 
     1.06321      5.74302      11.4046 
    0.659391      3.44157      9.10316 
     2.66599      9.83615      15.4977 
     1.83477      8.03228      13.6939 
     2.53758       9.7441      15.4057 
     2.94258      10.6684        16.33 
     1.42013       6.8939      12.5555 
     3.26871      11.9331      17.5947 
     3.18008      11.0605      16.7221 
     2.83172      11.0129      16.6745 
     3.35315      12.2501      17.9117 
     2.78147      9.97799      15.6396 
     2.58283      9.76066      15.4222 
    0.828826      4.63519      10.2968 
     3.05403      11.2524       16.914 
     2.91032      10.6234       16.285 
     1.45803      7.04095      12.7025 
     2.56957      13.3122      18.9737 
     3.26267      13.2903      18.9519 
     3.07113      11.8517      17.5133 
     3.18863      10.9008      16.5624 
     2.89576       9.6684        15.33 
      2.9465      9.79429      15.4559 
     1.72522      8.15573      13.8173 
     2.97444       11.566      17.2276 
     3.02904       12.448      18.1096 
     1.38217      6.80402      12.4656 
    0.928206      5.07884      10.7404 
     3.06116      11.2849      16.9465 
     2.55085      9.53744       15.199 
     2.97426      11.5621      17.2237 
     3.31449      12.6943      18.3559 
       2.914      10.9641      16.6257 
     2.95059      11.0663      16.7279 
     3.05432        11.23      16.8916 
     1.22337       6.0719      11.7335 
     2.55577      9.76252      15.4241 
     2.88181      11.3452      17.0068 
     2.99616      11.3185      16.9801 
     2.96152      10.8681      16.5297 
     3.09952      11.3034       16.965 
     2.78413      10.1569      15.8185 
     3.17656      11.9606      17.6222 
     2.78784      10.0625      15.7241 
     2.81702      10.8375      16.4991 
  -0.0142131      0.74741        6.409 
     2.69283       12.477      18.1386 
     1.52602      7.21819      12.8798 
    0.746321       3.9249      9.58649 
     2.64373      9.96425      15.6258 
     1.33096      6.28893      11.9505 
  -0.0367703    0.0776601      5.73925 
     3.08672      11.8129      17.4745 
      3.1689       11.663      17.3246 
     2.86585      9.82403      15.4856 
     1.69259       7.6608      13.3224 
     2.47259      9.42809      15.0897 
    0.045104      1.12537      6.78696 
    0.916104      5.03549      10.6971 
     1.11758      5.92704      11.5886 
     2.41077      14.6877      20.3493 
     2.06906      12.5159      18.1775 
    0.813646      4.64128      10.3029 
     2.38711      8.62684      14.2884 
     3.34007      12.4499      18.1115 
     0.96805      5.20179      10.8634 
     2.71892      10.5782      16.2398 
     2.51766      9.44404      15.1056 
      2.2244      8.84717      14.5088 
     3.20016      12.0569      17.7185 
    0.721662      3.76672      9.42831 
     3.21305      10.5956      16.2572 
     3.41836      13.2103      18.8719 
     1.86586       14.428      20.0896 
    0.687164      3.85679      9.51838 
     1.94946      8.34768      14.0093 
     1.76099      7.12905      12.7906 
     3.21664      12.1548      17.8164 
     1.70939      7.74175      13.4033 
     2.75057      10.2632      15.9248 
     2.89465       11.108      16.7696 
     1.82019      7.95908      13.6207 
     0.84343      4.74755      10.4091 
     3.11828      11.9617      17.6233 
     1.35429      6.76152      12.4231 
     2.91646      10.6839      16.3454 
     2.77352      10.3781      16.0397 
     2.85221       10.574      16.2356 
     2.98574      11.5956      17.2572 
    0.808431      4.44022      10.1018 
     1.65156      7.59608      13.2577 
    0.623968      3.34408      9.00567 
     3.30147       11.164      16.8256 
     2.86213      13.9233      19.5849 
     3.12703      11.8913      17.5529 
     2.52745      9.66773      15.3293 
     3.01185      11.8545       17.516 
     2.74229      10.1324       15.794 
     3.06233      11.1469      16.8085 
     2.90425      10.5392      16.2008 
      3.2006      11.4162      17.0778 
      3.2838      12.9667      18.6283 
     2.89887      11.2965       16.958 
     2.49996      9.13318      14.7948 
     3.17429      11.6126      17.2742 
     2.63945        9.973      15.6346 
     3.14329      11.3927      17.0543 
     1.08285      5.64823      11.3098 
     2.45359      9.53588      15.1975 
    0.805938      4.55732      10.2189 
      2.5278       9.6337      15.2953 
     3.44541      12.5619      18.2235 
     3.13998      12.0598      17.7214 
    0.893413      4.93565      10.5972 
      3.0992      11.2555      16.9171 
     2.87698      10.6282      16.2898 
     3.05465      11.2356      16.8972 
     3.26969      13.3641      19.0256 
     3.27316      13.0129      18.6745 
     2.64685      9.89706      15.5586 
     2.95403       11.027      16.6886 
      2.5287       8.7793      14.4409 
      3.2725      12.0666      17.7282 
     2.92542      14.4408      20.1024 
     2.89041      10.4898      16.1514 
     2.72234      10.1489      15.8105 
     2.93843      10.6595      16.3211 
     3.23061       12.063      17.7246 
    0.665355      3.70144      9.36303 
     3.39647       12.936      18.5976 
     3.30773      12.1543      17.8159 
    0.913865      4.86696      10.5285 
     3.23072      12.2266      17.8882 
     2.77803      10.3265      15.9881 
     3.00375      11.3982      17.0597 
     1.12485      5.85007      11.5117 
     1.86783      8.09245       13.754 
     2.89342      10.9502      16.6118 
     2.90128      10.9655      16.6271 
     2.51486      9.51233      15.1739 
     3.15541      11.5519      17.2135 
     1.12489      5.18973      10.8513 
     1.30643      6.71081      12.3724 
     2.87403      10.8647      16.5263 
     2.53291      9.62803      15.2896 
     3.33305      13.3368      18.9984 
     3.01999      11.1244       16.786 
    0.918284      5.03617      10.6978 
     2.83525      10.3368      15.9984 
     3.07328       11.387      17.0485 
     1.91125      8.12142       13.783 
     2.83998      10.3425      16.0041 
     3.06848      11.5941      17.2557 
     2.89064      10.6942      16.3558 
     2.86604      10.7643      16.4259 
     2.72982      9.80504      15.4666 
     1.08406      5.59678      11.2584 
     2.73313      10.2282      15.8898 
     2.98009      9.87857      15.5402 
      2.9519      10.0167      15.6783 
     3.14585      11.5134       17.175 
     3.07537      11.5049      17.1664 
     2.97554      10.8451      16.5067 
     3.23678      11.7038      17.3654 
     3.33941      12.3646      18.0262 
    0.277009      2.36631      8.02789 
     3.20479      11.6741      17.3357 
     1.14114      6.02875      11.6903 
     2.42425      9.25098      14.9126 
     3.15627      11.9251      17.5866 
     2.50208      9.61472      15.2763 
     2.88813      10.6151      16.2767 
     3.19743      11.8146      17.4762 
     3.05456      11.4676      17.1292 
     3.15934      11.9075      17.5691 
     1.94416       7.9287      13.5903 
     3.18917      11.6286      17.2902 
     1.90823      8.19158      13.8532 
      1.8388      8.01752      13.6791 
     3.19309       12.006      17.6676 
     1.82853      7.98692      13.6485 
      3.0925       11.698      17.3596 
     1.41189      6.91042       12.572 
     3.18397      11.5511      17.2127 
     3.35715      11.9326      17.5942 
     2.76593      10.1125       15.774 
     2.95137      9.97565      15.6372 
    0.837248      4.72612      10.3877 
     3.03674      11.4736      17.1352 
     3.33993      12.2865       17.948 
     3.47946      11.6836      17.3452 
     2.05141      7.69917      13.3608 
     3.03514      10.0781      15.7397 
      3.3857      12.2857      17.9473 
      2.8931      10.5367      16.1983 
      2.4401      9.38645       15.048 
     3.23193      11.7929      17.4545 
     3.36843      11.7774       17.439 
     3.07552      11.2971      16.9587 
     3.17469      11.5875      17.2491 
    0.491485       3.0826      8.74419 
     3.64011      13.3657      19.0273 
     1.79536       7.8579      13.5195 
   0.0464807      1.42524      7.08683 
     3.05157      11.2163      16.8779 
     1.98631      7.74622      13.4078 
     3.46569      11.8092      17.4708 
      3.5062       12.537      18.1986 
     1.35203      6.72457      12.3862 
      2.4445      8.77723      14.4388 
     0.24175      2.02991       7.6915 
     3.43304      12.8065      18.4681 
     3.21625       11.768      17.4296 
     2.77342      10.2651      15.9266 
     1.10192        5.414      11.0756 
   0.0539784      1.32832      6.98991 
     1.89457      8.25204      13.9136 
      3.3447       13.465      19.1266 
     1.90644      8.06938       13.731 
     3.51842      12.1418      17.8034 
     3.13287      14.2481      19.9097 
     3.17818      10.9743      16.6359 
     2.78642       10.134      15.7956 
     1.17979      6.19399      11.8556 
     1.93547      8.20423      13.8658 
     2.50922      9.46156      15.1231 
     2.47614      9.32556      14.9872 
     1.84742      8.02185      13.6834 
     3.13899      11.4942      17.1558 
     3.00776      11.4258      17.0874 
     3.18914      11.9176      17.5792 
     3.23849       11.964      17.6255 
     3.14272      11.0264       16.688 
     2.09058      8.31005      13.9716 
     3.25442      11.4081      17.0696 
     2.90535      10.6872      16.3488 
     3.37128      13.3232      18.9848 
     2.95337       10.853      16.5146 
     3.43905      12.1521      17.8137 
     3.24943        11.68      17.3416 
     3.42251      12.8533      18.5149 
     2.91314       10.099      15.7606 
     2.91324      10.7517      16.4133 
     1.94948         8.21      13.8716 
     3.20572      12.1053      17.7669 
     1.49236      6.89615      12.5577 
     3.03889        10.75      16.4116 
     3.19264      13.6436      19.3052 
     3.55487      12.5164       18.178 
     1.71329      7.70801      13.3696 
     2.56677      9.75509      15.4167 
     2.97555      10.7837      16.4453 
     1.25724      5.69721      11.3588 
     3.67152      12.2016      17.8632 
     1.04002      5.50383      11.1654 
     3.02524       11.335      16.9966 
    0.900008      4.56723      10.2288 
     3.03918      11.2455      16.9071 
      3.2114      11.9838      17.6454 
    0.847698      4.54185      10.2034 
     3.30575      12.1342      17.7957 
